289.52	325.33
289.90	325.33
290.28	325.33
290.66	344.06
291.04	964.30
291.42	1350.49
291.80	1219.42
292.18	823.87
292.56	851.96
292.95	788.76
293.33	912.81
293.71	910.47
294.09	1226.44
294.47	1039.20
294.85	957.28
295.23	985.37
295.61	1144.52
295.99	1029.84
296.37	1018.13
296.75	889.40
297.13	2033.93
297.51	1057.92
297.90	1614.97
298.28	1334.11
298.66	1186.65
299.04	1053.24
299.42	1420.71
299.80	1383.26
300.18	1256.87
300.56	1158.57
300.94	1046.22
301.32	1650.08
301.70	1294.32
302.08	1125.80
302.46	2108.82
302.84	1254.53
303.22	1228.78
303.60	1767.10
303.98	1959.03
304.36	1465.18
304.74	1245.16
305.12	1504.96
305.50	1179.63
305.88	1818.60
306.26	1233.46
306.64	1273.25
307.02	1549.43
307.40	1137.50
307.78	1252.19
308.16	1219.42
308.54	1233.46
308.92	1174.95
309.30	1121.12
309.68	1357.51
310.06	1645.40
310.43	1221.76
310.81	1795.19
311.19	1172.61
311.57	1210.06
311.95	1462.83
312.33	1406.66
312.71	1306.02
313.09	1671.14
313.47	1210.06
313.85	1144.52
314.23	1256.87
314.61	1369.21
314.99	1355.17
315.36	1502.62
315.74	1303.68
316.12	1394.96
316.50	1413.68
316.88	1142.18
317.26	1219.42
317.64	1296.66
318.02	1172.61
318.39	1355.17
318.77	1093.03
319.15	1200.69
319.53	1289.64
319.91	1907.54
320.29	1977.75
320.67	1467.52
321.04	1121.12
321.42	1181.97
321.80	1036.86
322.18	1282.61
322.56	1109.41
322.94	1788.17
323.31	2506.71
323.69	1467.52
324.07	1570.50
324.45	1242.82
324.83	1275.59
325.21	1121.12
325.58	1224.10
325.96	1212.40
326.34	1453.47
326.72	1521.35
327.10	1769.44
327.47	1238.14
327.85	1102.39
328.23	1018.13
328.61	1483.90
328.98	1605.61
329.36	1090.69
329.74	1078.99
330.12	1071.97
330.50	1177.29
330.87	1172.61
331.25	1231.12
331.63	1479.22
332.01	1378.58
332.38	1329.42
332.76	1666.46
333.14	1280.27
333.51	1114.10
333.89	1568.16
334.27	1245.16
334.65	1097.71
335.02	1062.60
335.40	1296.66
335.78	1093.03
336.15	1434.75
336.53	1118.78
336.91	3513.14
337.29	1614.97
337.66	2167.34
338.04	1203.04
338.42	1306.02
338.79	1289.64
339.17	1493.26
339.55	1366.87
339.92	1327.08
340.30	1308.36
340.68	1416.02
341.05	1694.55
341.43	1153.88
341.81	1350.49
342.18	1160.91
342.56	1259.21
342.94	1963.71
343.31	1163.25
343.69	1537.73
344.07	1163.25
344.44	1107.07
344.82	1341.13
345.19	1149.20
345.57	1242.82
345.95	1409.00
346.32	1392.62
346.70	1200.69
347.07	1181.97
347.45	1612.63
347.83	1310.70
348.20	1849.02
348.58	1221.76
348.95	1378.58
349.33	1135.16
349.71	1146.86
350.08	1233.46
350.46	1596.25
350.83	1273.25
351.21	1331.76
351.58	1977.75
351.96	1926.26
352.34	1781.15
352.71	1249.85
353.09	1401.98
353.46	1561.14
353.84	1600.93
354.21	1572.84
354.59	1294.32
354.96	1448.79
355.34	1146.86
355.71	1132.82
356.09	1530.71
356.46	1378.58
356.84	1654.76
357.21	1535.39
357.59	1121.12
357.96	1334.11
358.34	1242.82
358.71	1703.91
359.09	1160.91
359.46	1514.33
359.84	1118.78
360.21	1015.79
360.59	1434.75
360.96	1287.29
361.34	1008.77
361.71	1668.80
362.09	1242.82
362.46	1144.52
362.84	1142.18
363.21	1486.24
363.59	1317.72
363.96	1088.35
364.33	1352.83
364.71	1469.86
365.08	1856.04
365.46	1261.55
365.83	1268.57
366.21	1537.73
366.58	1364.53
366.95	1252.19
367.33	1338.79
367.70	1142.18
368.08	1256.87
368.45	1313.04
368.82	1280.27
369.20	1198.35
369.57	1240.48
369.95	1259.21
370.32	1102.39
370.69	1411.34
371.07	1231.12
371.44	1390.28
371.81	1210.06
372.19	1315.38
372.56	1181.97
372.94	1100.05
373.31	1184.31
373.68	1418.36
374.06	1282.61
374.43	1139.84
374.80	1526.03
375.18	1301.34
375.55	1364.53
375.92	1142.18
376.30	1320.06
376.67	1153.88
377.04	1275.59
377.42	1174.95
377.79	1760.08
378.16	1144.52
378.54	1247.51
378.91	1226.44
379.28	1357.51
379.65	1310.70
380.03	1231.12
380.40	1240.48
380.77	1455.81
381.15	1547.09
381.52	1149.20
381.89	1205.38
382.26	1179.63
382.64	1533.05
383.01	1369.21
383.38	1109.41
383.75	6651.80
384.13	1685.19
384.50	1249.85
384.87	1118.78
385.24	1357.51
385.62	1348.15
385.99	1973.07
386.36	1132.82
386.73	2452.88
387.10	1930.94
387.48	1186.65
387.85	1207.72
388.22	1219.42
388.59	1570.50
388.97	1219.42
389.34	1261.55
389.71	1228.78
390.08	1380.92
390.45	1032.18
390.82	1200.69
391.20	1067.28
391.57	1322.40
391.94	1207.72
392.31	1678.16
392.68	1228.78
393.06	1385.60
393.43	1210.06
393.80	1193.67
394.17	2118.18
394.54	1193.67
394.91	1453.47
395.28	1708.59
395.66	1198.35
396.03	1313.04
396.40	1390.28
396.77	1191.33
397.14	1062.60
397.51	1263.89
397.88	1703.91
398.25	1378.58
398.62	1282.61
399.00	1146.86
399.37	1130.48
399.74	1301.34
400.11	1228.78
400.48	1214.74
400.85	1172.61
401.22	1338.79
401.59	1252.19
401.96	1299.00
402.33	1203.04
402.70	1313.04
403.07	1570.50
403.45	1626.67
403.82	1245.16
404.19	1153.88
404.56	1345.81
404.93	1109.41
405.30	1299.00
405.67	1542.41
406.04	1589.22
406.41	1600.93
406.78	1095.37
407.15	1610.29
407.52	1341.13
407.89	1196.01
408.26	1362.19
408.63	1109.41
409.00	1317.72
409.37	1151.54
409.74	1188.99
410.11	1291.98
410.48	1401.98
410.85	1287.29
411.22	1254.53
411.59	1303.68
411.96	1462.83
412.33	1242.82
412.70	1497.94
413.07	2022.22
413.44	1245.16
413.81	1434.75
414.18	1114.10
414.55	1203.04
414.91	1294.32
415.28	1376.24
415.65	2239.89
416.02	1235.80
416.39	1423.05
416.76	1238.14
417.13	1170.27
417.50	1437.09
417.87	1500.28
418.24	1387.94
418.61	1638.38
418.98	1270.91
419.35	1357.51
419.71	1299.00
420.08	1474.54
420.45	1268.57
420.82	1455.81
421.19	1373.89
421.56	1280.27
421.93	1170.27
422.30	1289.64
422.66	1315.38
423.03	1458.15
423.40	2115.84
423.77	1830.30
424.14	1638.38
424.51	1432.41
424.88	1757.74
425.24	1458.15
425.61	1282.61
425.98	1453.47
426.35	1252.19
426.72	1219.42
427.08	1612.63
427.45	1359.85
427.82	1706.25
428.19	1296.66
428.56	1404.32
428.93	1252.19
429.29	1397.30
429.66	1640.72
430.03	1301.34
430.40	1610.29
430.76	1675.82
431.13	1474.54
431.50	1277.93
431.87	1369.21
432.24	1191.33
432.60	1469.86
432.97	1839.66
433.34	1636.03
433.71	1320.06
434.07	1263.89
434.44	1521.35
434.81	1619.65
435.18	1589.22
435.54	1834.98
435.91	1549.43
436.28	1348.15
436.64	1856.04
437.01	1959.03
437.38	2443.52
437.75	1799.87
438.11	1853.70
438.48	1612.63
438.85	1849.02
439.21	1657.10
439.58	1771.79
439.95	1755.40
440.31	1755.40
440.68	1650.08
441.05	2722.04
441.41	2452.88
441.78	1849.02
442.15	2211.81
442.51	2366.28
442.88	2663.53
443.25	2267.98
443.61	2253.94
443.98	2237.55
444.35	2455.22
444.71	2431.82
445.08	58363.60
445.45	3648.90
445.81	2207.13
446.18	2298.41
446.54	3112.91
446.91	2597.99
447.28	2499.69
447.64	2487.99
448.01	2743.11
448.37	2619.06
448.74	2773.53
449.11	2771.19
449.47	3040.36
449.84	2874.18
450.20	3625.49
450.57	3475.70
450.94	3070.78
451.30	3400.80
451.67	3616.13
452.03	3370.37
452.40	3391.44
452.76	3644.21
453.13	3459.31
453.49	3611.45
453.86	3618.47
454.23	4004.66
454.59	3761.24
454.96	4004.66
455.32	3894.65
455.69	4234.03
456.05	4386.16
456.42	4873.00
456.78	4503.19
457.15	4802.78
457.51	4730.22
457.88	5291.95
458.24	4844.91
458.61	5177.26
458.97	5100.03
459.34	5387.91
459.70	5437.06
460.07	6260.93
460.43	6050.28
460.80	5701.54
461.16	6132.20
461.52	5930.92
461.89	6263.27
462.25	7037.99
462.62	6738.40
462.98	6813.30
463.35	7101.19
463.71	7449.93
464.08	7082.46
464.44	7274.38
464.80	7545.89
465.17	7702.70
465.53	8088.89
465.90	8727.86
466.26	8449.33
466.62	8769.99
466.99	9004.04
467.35	9055.53
467.72	9743.65
468.08	9870.04
468.44	9891.10
468.81	10132.18
469.17	11389.05
469.54	10693.91
469.90	11370.32
470.26	11440.54
470.63	11573.95
470.99	12369.73
471.35	12381.43
471.72	12498.46
472.08	14345.14
472.44	13111.68
472.81	13390.20
473.17	13685.11
473.53	15030.92
473.90	19103.45
474.26	15506.05
474.62	16498.44
474.99	16231.62
475.35	16400.13
475.71	16718.45
476.08	17832.54
476.44	17989.36
476.80	18845.99
477.17	18548.75
477.53	19548.15
477.89	19789.23
478.25	20919.71
478.62	20306.49
478.98	21149.08
479.34	21949.54
479.70	22160.19
480.07	23501.32
480.43	23594.94
480.79	24938.41
481.15	25425.24
481.52	25348.00
481.88	25701.42
482.24	26656.36
482.60	26672.74
482.97	28135.58
483.33	28629.43
483.69	28758.16
484.05	29404.15
484.42	30218.66
484.78	31133.81
485.14	31737.66
485.50	31892.14
485.86	32671.54
486.23	33493.07
486.59	33640.52
486.95	34190.55
487.31	34665.67
487.67	35543.38
488.03	36708.96
488.40	36896.20
488.76	36840.03
489.12	37769.22
489.48	39342.06
489.84	38567.35
490.20	38792.04
490.57	39772.72
490.93	40612.98
491.29	40432.75
491.65	41902.61
492.01	42356.67
492.37	41780.90
492.73	41897.93
493.09	43983.35
493.46	42450.30
493.82	44301.66
494.18	44938.29
494.54	44594.23
494.90	45628.74
495.26	45092.76
495.62	45280.00
495.98	47175.84
496.34	46529.85
496.70	48308.66
497.07	47789.06
497.43	48123.75
497.79	47798.42
498.15	49071.67
498.51	49331.47
498.87	47260.10
499.23	49659.15
499.59	50766.22
499.95	49102.10
500.31	50506.42
500.67	50401.10
501.03	50490.04
501.39	51021.34
501.75	51985.64
502.11	51292.84
502.47	51868.61
502.83	52589.50
503.19	52758.02
503.55	52961.64
503.91	52147.14
504.27	53191.01
504.63	52875.04
504.99	52971.00
505.35	54670.23
505.71	54110.85
506.07	54007.86
506.43	54157.66
506.79	52907.81
507.15	53446.13
507.51	54923.01
507.87	55379.42
508.23	55248.35
508.59	55550.27
508.95	55491.76
509.31	55554.96
509.67	56011.36
510.03	55489.42
510.38	56053.49
510.74	55100.89
511.10	55313.88
511.46	55112.59
511.82	55976.25
512.18	56540.32
512.54	56711.18
512.90	55924.76
513.26	57181.63
513.62	55224.94
513.97	57102.05
514.33	56280.52
514.69	56729.90
515.05	57064.60
515.41	55393.46
515.77	57095.03
516.13	55952.85
516.49	57106.73
516.84	56647.99
517.20	57160.56
517.56	56896.08
517.92	55765.60
518.28	56549.68
518.64	57462.49
518.99	57736.34
519.35	57839.32
519.71	58223.17
520.07	57050.56
520.43	56542.66
520.79	56481.81
521.14	55798.37
521.50	57726.97
521.86	56303.93
522.22	55386.44
522.58	56193.92
522.93	56985.02
523.29	57076.30
523.65	57059.92
524.01	57708.25
524.36	56430.32
524.72	56666.71
525.08	56846.93
525.44	57675.48
525.79	56130.73
526.15	56966.30
526.51	58251.25
526.87	55557.30
527.22	57230.78
527.58	58040.60
527.94	56790.76
528.30	57057.58
528.65	57181.63
529.01	55271.75
529.37	56266.48
529.72	56495.85
530.08	56886.72
530.44	55552.62
530.80	56870.34
531.15	56161.15
531.51	55863.91
531.87	56509.89
532.22	55999.66
532.58	57212.06
532.94	56212.65
533.29	56619.90
533.65	56772.03
534.01	55819.44
534.36	55494.10
534.72	55510.49
535.08	55896.67
535.43	56317.97
535.79	55454.31
536.14	55121.96
536.50	55033.02
536.86	53066.97
537.21	54223.19
537.57	54211.49
537.93	54141.27
538.28	53326.77
538.64	54810.67
538.99	54597.68
539.35	54597.68
539.71	53712.95
540.06	54798.96
540.42	52610.56
540.77	51075.17
541.13	54607.04
541.48	52942.92
541.84	51899.04
542.20	53860.41
542.55	53378.26
542.91	52444.38
543.26	53937.65
543.62	52479.49
543.97	52388.21
544.33	53085.69
544.68	52734.61
545.04	52545.03
545.40	51924.78
545.75	52137.77
546.11	50759.20
546.46	51091.55
546.82	51679.03
547.17	50901.97
547.53	50960.48
547.88	51098.58
548.24	51370.08
548.59	50145.98
548.95	50120.23
549.30	50230.24
549.66	50412.80
550.01	49357.22
550.36	50035.97
550.72	50803.67
551.07	48655.06
551.43	49588.93
551.78	49118.48
552.14	49736.38
552.49	49263.60
552.85	48472.49
553.20	47356.06
553.55	48240.78
553.91	48442.07
554.26	47629.90
554.62	48247.80
554.97	47810.12
555.33	46492.40
555.68	43997.39
556.03	44725.30
556.39	45464.91
556.74	46417.50
557.10	45855.78
557.45	44807.22
557.80	44835.30
558.16	45064.67
558.51	46099.19
558.86	45874.50
559.22	44947.65
559.57	43943.56
559.93	43206.29
560.28	45048.29
560.63	43707.16
560.99	43208.63
561.34	43753.97
561.69	43358.42
562.05	42113.26
562.40	42351.99
562.75	41104.49
563.11	41823.03
563.46	41706.01
563.81	41069.38
564.16	40046.57
564.52	41074.06
564.87	40926.61
565.22	39849.96
565.58	40512.33
565.93	39793.79
566.28	39281.21
566.64	39026.09
566.99	39526.97
567.34	38581.39
567.69	38539.26
568.05	38562.67
568.40	37982.21
568.75	37748.16
569.10	38333.29
569.46	37085.79
569.81	36910.25
570.16	37083.45
570.51	36100.42
570.87	35885.09
571.22	35028.46
571.57	35992.76
571.92	35548.06
572.27	36568.53
572.63	34859.94
572.98	34829.51
573.33	33893.30
573.68	34251.40
574.03	33376.04
574.39	33156.03
574.74	33893.30
575.09	33205.18
575.44	33165.39
575.79	33912.02
576.14	32683.24
576.50	31995.12
576.85	31185.30
577.20	32671.54
577.55	31620.64
577.90	31618.30
578.25	31164.23
578.60	30710.17
578.96	30223.34
579.31	30115.67
579.66	29996.31
580.01	30092.27
580.36	29357.34
580.71	29741.19
581.06	28985.19
581.41	28905.62
581.76	28238.56
582.12	27871.10
582.47	28507.72
582.82	27716.62
583.17	28367.29
583.52	26958.29
583.87	27379.59
584.22	26981.70
584.57	27344.48
584.92	26363.79
585.27	26464.44
585.62	25804.41
585.97	25638.23
586.32	25528.22
586.67	25256.72
587.02	24643.50
587.37	24704.35
587.72	24524.13
588.07	29113.92
588.42	24063.05
588.77	23784.52
589.12	23892.19
589.47	24634.14
589.82	23566.85
590.17	23248.54
590.52	22939.59
590.87	22693.83
591.22	22553.40
591.57	22462.12
591.92	22499.57
592.27	21326.96
592.62	22139.13
592.97	21804.43
593.32	21455.69
593.67	20910.35
594.02	21057.80
594.37	21071.84
594.72	20617.78
595.07	20505.43
595.42	20140.31
595.77	20774.60
596.12	20292.44
596.47	20446.92
596.82	19800.93
597.16	20212.87
597.51	19278.99
597.86	19566.88
598.21	19541.13
598.56	19002.81
598.91	19000.47
599.26	18747.69
599.61	18635.35
599.96	17965.95
600.30	18232.77
600.65	18204.69
601.00	17891.06
601.35	18043.19
601.70	17577.42
602.05	17544.66
602.40	17212.30
602.74	17062.51
603.09	17142.08
603.44	16889.31
603.79	16781.64
604.14	17561.04
604.48	16957.18
604.83	16575.67
605.18	16599.08
605.53	16149.70
605.88	15946.07
606.23	15585.63
606.57	16109.91
606.92	15978.84
607.27	15463.92
607.62	15126.88
607.96	15281.36
608.31	14951.34
608.66	14960.70
609.01	14534.73
609.35	14710.27
609.70	14572.18
610.05	14719.63
610.40	14778.14
610.74	14450.47
611.09	14377.91
611.44	14216.41
611.79	13502.55
612.13	13582.13
612.48	13228.71
612.83	13167.85
613.18	13362.12
613.52	13298.92
613.87	12980.61
614.22	12837.84
614.56	12739.54
614.91	12592.08
615.26	12339.30
615.60	12198.87
615.95	12123.98
616.30	12812.09
616.64	12053.76
616.99	11644.17
617.34	11707.36
617.68	11683.95
618.03	11508.41
618.38	11763.53
618.72	11197.12
619.07	11360.96
619.42	11154.99
619.76	11360.96
620.11	11250.96
620.45	11131.59
620.80	10909.24
621.15	10679.86
621.49	10597.95
621.84	10375.59
622.18	10115.80
622.53	10663.48
622.88	10239.84
623.22	9940.26
623.57	10022.17
623.91	9963.66
624.26	9643.01
624.60	9596.20
624.95	9694.50
625.30	9603.22
625.64	9867.70
625.99	9240.44
626.33	9394.91
626.68	9249.80
627.02	9064.89
627.37	9238.09
627.71	8702.11
628.06	8648.28
628.40	8777.01
628.75	8655.30
629.09	8664.66
629.44	8678.71
629.78	8922.12
630.13	8306.56
630.47	8306.56
630.82	7990.59
631.16	8013.99
631.51	7772.92
631.85	8126.34
632.20	7770.58
632.54	8276.13
632.89	7662.91
633.23	8320.60
633.58	8030.38
633.92	7492.05
634.27	7428.86
634.61	7857.18
634.95	7307.15
635.30	7082.46
635.64	6939.69
635.99	7117.57
636.33	6853.09
636.67	7089.48
637.02	6993.52
637.36	7075.44
637.71	6649.46
638.05	6539.46
638.39	6993.52
638.74	6612.01
639.08	6494.99
639.43	6494.99
639.77	6331.15
640.11	6349.87
640.46	6366.26
640.80	6443.49
641.14	6279.66
641.49	6136.88
641.83	5996.45
642.17	6043.26
642.52	5956.66
642.86	5872.40
643.20	5797.51
643.55	5729.63
643.89	5813.89
644.23	5432.38
644.58	6071.35
644.92	5432.38
645.26	5806.87
645.61	5479.19
645.95	5238.12
646.29	5533.03
646.64	5401.96
646.98	5764.74
647.32	5460.47
647.66	5137.48
648.01	5495.58
648.35	5193.65
648.69	5137.48
649.03	4905.76
649.38	4936.19
649.72	5071.94
650.06	4912.78
650.40	4877.68
650.75	4774.69
651.09	4739.58
651.43	4709.16
651.77	4835.55
652.11	4683.41
652.46	4578.09
652.80	4585.11
653.14	5188.97
653.48	4285.52
653.82	4374.46
654.17	4264.46
654.51	4425.95
654.85	4383.82
655.19	4477.44
655.53	4376.80
655.87	4786.40
656.22	4369.78
656.56	3997.64
656.90	4145.09
657.24	4386.16
657.58	4486.81
657.92	4299.56
658.26	4425.95
658.61	4376.80
658.95	4058.49
659.29	4278.50
659.63	3892.31
659.97	3740.18
660.31	3822.09
660.65	4304.25
660.99	3772.94
661.33	5135.14
661.68	4461.06
662.02	4227.01
662.36	3868.91
662.70	4528.94
663.04	3983.59
663.38	3473.36
663.72	3618.47
664.06	3695.71
664.40	3255.69
664.74	4147.43
665.08	3524.85
665.42	3236.96
665.76	3335.26
666.10	3255.69
666.44	3276.75
666.78	3227.60
667.12	3335.26
667.46	3389.10
667.80	3131.64
668.14	4599.15
668.48	3529.53
668.82	3513.14
669.16	3632.51
669.50	3875.93
669.84	3482.72
670.18	3115.25
670.52	3052.06
670.86	2977.16
671.20	3222.92
671.54	2939.71
671.88	3033.33
672.22	3070.78
672.56	3407.82
672.90	3098.87
673.24	3014.61
673.58	2970.14
673.92	4051.47
674.26	3260.37
674.59	3059.08
674.93	3012.27
675.27	3023.97
675.61	2703.32
675.95	2862.48
676.29	3087.17
676.63	2719.70
676.97	2551.18
677.31	2928.01
677.64	2726.72
677.98	2569.91
678.32	2654.17
678.66	2495.01
679.00	2710.34
679.34	2637.78
679.68	2377.98
680.01	2340.54
680.35	2499.69
680.69	2473.95
681.03	2466.92
681.37	2698.64
681.71	2408.41
682.04	2913.97
682.38	3164.40
682.72	2462.24
683.06	3117.59
683.40	2537.14
683.73	2265.64
684.07	2539.48
684.41	2284.36
684.75	2511.39
685.09	2345.22
685.42	2532.46
685.76	4416.59
686.10	2174.36
686.44	2413.09
686.77	2225.85
687.11	2389.69
687.45	2153.29
687.79	2253.94
688.12	2420.11
688.46	2487.99
688.80	2104.14
689.13	2169.68
689.47	2141.59
689.81	2045.63
690.15	2190.74
690.48	2066.69
690.82	2939.71
691.16	2143.93
691.49	2040.95
691.83	1940.30
692.17	1952.01
692.50	2153.29
692.84	2176.70
693.18	2450.54
693.51	2361.60
693.85	1942.64
694.19	2172.02
694.52	2197.76
694.86	2469.27
695.20	2019.88
695.53	2139.25
695.87	2052.65
696.21	2569.91
696.54	1818.60
696.88	1956.69
697.21	1860.73
697.55	2511.39
697.89	1994.14
698.22	2057.33
698.56	1898.17
698.89	1982.43
699.23	1675.82
699.56	1858.39
699.90	2167.34
700.24	1727.32
700.57	2473.95
700.91	1975.41
701.24	1858.39
701.58	1907.54
701.91	2101.80
702.25	1994.14
702.58	1872.43
702.92	1788.17
703.26	2031.58
703.59	2246.91
703.93	1944.99
704.26	1909.88
704.60	1732.00
704.93	2693.96
705.27	1748.38
705.60	1526.03
705.94	1851.36
706.27	2590.97
706.61	2078.40
706.94	1760.08
707.27	2455.22
707.61	1600.93
707.94	1858.39
708.28	1579.86
708.61	1834.98
708.95	1558.80
709.28	1678.16
709.62	1685.19
709.95	1458.15
710.28	2057.33
710.62	1916.90
710.95	1898.17
711.29	1778.81
711.62	1551.78
711.96	1816.26
712.29	1764.76
712.62	1961.37
712.96	1942.64
713.29	1947.33
713.62	1575.18
713.96	1572.84
714.29	1783.49
714.63	1444.11
714.96	1523.69
715.29	1921.58
715.63	1511.99
715.96	1479.22
716.29	1767.10
716.63	1837.32
716.96	1504.96
717.29	1418.36
717.63	1902.86
717.96	1879.45
718.29	1699.23
718.63	1820.94
718.96	1739.02
719.29	1668.80
719.63	1753.06
719.96	1514.33
720.29	1572.84
720.62	1369.21
720.96	1589.22
721.29	2373.30
721.62	1451.13
721.95	1589.22
722.29	1827.96
722.62	1409.00
722.95	1753.06
723.29	1647.74
723.62	2104.14
723.95	1605.61
724.28	2146.27
724.61	1404.32
724.95	1680.50
725.28	1392.62
725.61	1430.07
725.94	1409.00
726.28	1631.35
726.61	1324.74
726.94	1895.83
727.27	1511.99
727.60	1397.30
727.93	2310.11
728.27	1657.10
728.60	1446.45
728.93	1668.80
729.26	1348.15
729.59	1362.19
729.92	1315.38
730.26	1212.40
730.59	1474.54
730.92	1350.49
731.25	1451.13
731.58	1334.11
731.91	1268.57
732.24	1724.97
732.57	1937.96
732.91	2026.90
733.24	1540.07
733.57	1200.69
733.90	1696.89
734.23	1221.76
734.56	1341.13
734.89	1547.09
735.22	1425.39
735.55	1324.74
735.88	1385.60
736.21	1362.19
736.54	1280.27
736.88	1270.91
737.21	1519.01
737.54	1282.61
737.87	1451.13
738.20	1303.68
738.53	1746.04
738.86	1488.58
739.19	1242.82
739.52	1561.14
739.85	1299.00
740.18	1921.58
740.51	2052.65
740.84	1764.76
741.17	1153.88
741.50	1135.16
741.83	1301.34
742.16	1558.80
742.49	1893.49
742.82	1221.76
743.15	2668.21
743.48	1294.32
743.81	1221.76
744.13	1490.92
744.46	1193.67
744.79	1341.13
745.12	1371.55
745.45	1207.72
745.78	1238.14
746.11	1380.92
746.44	1179.63
746.77	1341.13
747.10	1238.14
747.43	1444.11
747.76	1343.47
748.08	1338.79
748.41	1423.05
748.74	1493.26
749.07	1584.54
749.40	1359.85
749.73	1708.59
750.06	1643.06
750.39	1357.51
750.71	1554.12
751.04	1504.96
751.37	1291.98
751.70	1483.90
752.03	1998.82
752.36	2022.22
752.68	1668.80
753.01	1224.10
753.34	1584.54
753.67	1256.87
754.00	1212.40
754.32	1432.41
754.65	1528.37
754.98	1217.08
755.31	1111.75
755.64	1135.16
755.96	1748.38
756.29	1504.96
756.62	1703.91
756.95	1657.10
757.27	1256.87
757.60	1184.31
757.93	1186.65
758.26	1233.46
758.58	1064.94
758.91	1629.01
759.24	1839.66
759.57	1820.94
759.89	1275.59
760.22	1313.04
760.55	1582.20
760.87	1434.75
761.20	1352.83
761.53	1078.99
761.86	1404.32
762.18	1638.38
762.51	1224.10
762.84	1621.99
763.16	1291.98
763.49	1640.72
763.82	1188.99
764.14	1317.72
764.47	1526.03
764.79	1170.27
765.12	1348.15
765.45	1247.51
765.77	1252.19
766.10	1130.48
766.43	1617.31
766.75	1432.41
767.08	1165.59
767.40	1678.16
767.73	1579.86
768.06	1153.88
768.38	1268.57
768.71	1378.58
769.03	2085.42
769.36	1266.23
769.69	1193.67
770.01	1224.10
770.34	1121.12
770.66	1621.99
770.99	1877.11
771.31	1282.61
771.64	1383.26
771.96	1097.71
772.29	1315.38
772.62	1526.03
772.94	1097.71
773.27	1528.37
773.59	1144.52
773.92	1336.45
774.24	1123.46
774.57	1294.32
774.89	1743.70
775.22	1839.66
775.54	1696.89
775.87	1380.92
776.19	1125.80
776.51	1437.09
776.84	1116.44
777.16	1020.47
777.49	1151.54
777.81	1256.87
778.14	1095.37
778.46	1137.50
778.79	1359.85
779.11	1385.60
779.43	1172.61
779.76	1135.16
780.08	1184.31
780.41	1036.86
780.73	999.41
781.06	1263.89
781.38	1156.22
781.70	1460.49
782.03	1732.00
782.35	1186.65
782.67	1036.86
783.00	1336.45
783.32	1834.98
783.65	1191.33
783.97	1331.76
784.29	2069.03
784.62	1694.55
784.94	1383.26
785.26	1231.12
785.59	1301.34
785.91	1409.00
786.23	1114.10
786.56	1345.81
786.88	1322.40
787.20	1062.60
787.53	1303.68
787.85	1935.62
788.17	1568.16
788.49	1708.59
788.82	1233.46
789.14	1123.46
789.46	1132.82
789.79	1291.98
790.11	1259.21
790.43	1217.08
790.75	959.62
791.08	1504.96
791.40	1132.82
791.72	1041.54
792.04	1287.29
792.37	1280.27
792.69	1331.76
793.01	1191.33
793.33	1256.87
793.65	1448.79
793.98	1146.86
794.30	1107.07
794.62	1270.91
794.94	1383.26
795.26	1458.15
795.59	1015.79
795.91	1474.54
796.23	1636.03
796.55	1135.16
796.87	1495.60
797.19	1563.48
797.52	1256.87
797.84	1277.93
798.16	1387.94
798.48	1238.14
798.80	1240.48
799.12	1153.88
799.44	1170.27
799.76	994.73
800.09	1081.33
800.41	1572.84
800.73	1371.55
801.05	1172.61
801.37	1125.80
801.69	1865.41
802.01	1692.21
802.33	1362.19
802.65	1228.78
802.97	1217.08
803.29	1432.41
803.61	1322.40
803.94	1029.84
804.26	1568.16
804.58	1465.18
804.90	1809.23
805.22	1270.91
805.54	1451.13
805.86	1273.25
806.18	1284.95
806.50	1879.45
806.82	1205.38
807.14	1308.36
807.46	1303.68
807.78	1188.99
808.10	1270.91
808.42	1359.85
808.74	1111.75
809.06	1205.38
809.38	1100.05
809.70	1146.86
810.02	1207.72
810.34	2015.20
810.66	1097.71
810.97	1350.49
811.29	1240.48
811.61	1228.78
811.93	1167.93
812.25	1465.18
812.57	1219.42
812.89	1029.84
813.21	1156.22
813.53	1238.14
813.85	1163.25
814.17	1486.24
814.48	1387.94
814.80	1036.86
815.12	1317.72
815.44	1287.29
815.76	1488.58
816.08	1100.05
816.40	1004.09
816.72	1570.50
817.03	2155.63
817.35	1130.48
817.67	987.71
817.99	1153.88
818.31	1409.00
818.63	1549.43
818.94	1121.12
819.26	1619.65
819.58	1207.72
819.90	1479.22
820.22	1448.79
820.53	1238.14
820.85	1364.53
821.17	1666.46
821.49	1268.57
821.81	1268.57
822.12	1582.20
822.44	1586.88
822.76	1467.52
823.08	1423.05
823.39	1289.64
823.71	1156.22
824.03	1301.34
824.35	1203.04
824.66	1296.66
824.98	1720.29
825.30	1409.00
825.61	1816.26
825.93	1188.99
826.25	1371.55
826.57	1392.62
826.88	1186.65
827.20	1397.30
827.52	1621.99
827.83	1179.63
828.15	1469.86
828.47	1083.67
828.78	1675.82
829.10	1895.83
829.42	1488.58
829.73	1289.64
830.05	1275.59
830.36	1432.41
830.68	1057.92
831.00	1221.76
831.31	1299.00
831.63	1095.37
831.95	1401.98
832.26	1221.76
832.58	1093.03
832.89	1631.35
833.21	1397.30
833.53	1413.68
833.84	1107.07
834.16	1170.27
834.47	1123.46
834.79	1458.15
835.10	1416.02
835.42	1762.42
835.74	1355.17
836.05	1451.13
836.37	1221.76
836.68	1095.37
837.00	1048.56
837.31	1273.25
837.63	1090.69
837.94	1724.97
838.26	1263.89
838.57	1235.80
838.89	1516.67
839.20	1088.35
839.52	1181.97
839.83	1970.73
840.15	1493.26
840.46	1526.03
840.78	1462.83
841.09	1097.71
841.41	1153.88
841.72	2080.74
842.03	1254.53
842.35	1142.18
842.66	1282.61
842.98	1338.79
843.29	1224.10
843.61	1462.83
843.92	1135.16
844.23	1224.10
844.55	1172.61
844.86	1076.65
845.18	987.71
845.49	1219.42
845.80	1914.56
846.12	1380.92
846.43	1069.62
846.75	1088.35
847.06	1177.29
847.37	1582.20
847.69	1547.09
848.00	1256.87
848.31	1041.54
848.63	1191.33
848.94	1418.36
849.25	1472.20
849.57	1221.76
849.88	1739.02
850.19	1207.72
850.51	1371.55
850.82	1245.16
851.13	1593.90
851.45	1196.01
851.76	1519.01
852.07	1078.99
852.38	1355.17
852.70	1107.07
853.01	1570.50
853.32	1062.60
853.63	1469.86
853.95	1095.37
854.26	1121.12
854.57	1153.88
854.88	1242.82
855.20	1252.19
855.51	1549.43
855.82	1427.73
856.13	1392.62
856.45	997.07
856.76	1118.78
857.07	1586.88
857.38	1043.88
857.69	1301.34
858.01	1226.44
858.32	2085.42
858.63	1380.92
858.94	1575.18
859.25	1362.19
859.56	1511.99
859.88	1338.79
860.19	1315.38
860.50	1172.61
860.81	1083.67
861.12	1348.15
861.43	1542.41
861.74	1376.24
862.06	1373.89
862.37	1530.71
862.68	1128.14
862.99	1341.13
863.30	1331.76
863.61	1638.38
863.92	1474.54
864.23	1165.59
864.54	1289.64
864.85	1165.59
865.16	987.71
865.48	1713.27
865.79	1689.87
866.10	1303.68
866.41	1497.94
866.72	1294.32
867.03	1048.56
867.34	1490.92
867.65	1753.06
867.96	1355.17
868.27	1439.43
868.58	1100.05
868.89	1116.44
869.20	1116.44
869.51	1191.33
869.82	1390.28
870.13	1004.09
870.44	1287.29
870.75	1254.53
871.06	1406.66
871.37	1235.80
871.68	1280.27
871.99	1556.46
872.30	1039.20
872.61	1177.29
872.91	1217.08
873.22	1086.01
873.53	1706.25
873.84	1165.59
874.15	1476.88
874.46	1301.34
874.77	1359.85
875.08	1217.08
875.39	1343.47
875.70	1472.20
876.01	1259.21
876.31	1483.90
876.62	1975.41
876.93	1778.81
877.24	1109.41
877.55	1086.01
877.86	1310.70
878.17	1420.71
878.48	1132.82
878.78	1039.20
879.09	971.32
879.40	1214.74
879.71	1748.38
880.02	1163.25
880.32	1238.14
880.63	1315.38
880.94	1137.50
881.25	1441.77
881.56	1497.94
881.86	1371.55
882.17	1371.55
882.48	1029.84
882.79	1612.63
883.10	1778.81
883.40	1200.69
883.71	1240.48
884.02	1221.76
884.33	1221.76
884.63	1689.87
884.94	1266.23
885.25	1015.79
885.55	1277.93
885.86	1015.79
886.17	1055.58
886.48	1090.69
886.78	1556.46
887.09	1558.80
887.40	1160.91
887.70	1203.04
888.01	1071.97
888.32	1221.76
888.62	1212.40
888.93	1268.57
889.24	1441.77
889.54	1270.91
889.85	1404.32
890.16	1205.38
890.46	2429.48
890.77	1488.58
891.08	1275.59
891.38	1748.38
891.69	1259.21
892.00	1343.47
892.30	1167.93
892.61	1064.94
892.91	1263.89
893.22	1324.74
893.52	1301.34
893.83	1249.85
894.14	1165.59
894.44	1064.94
894.75	997.07
895.05	1095.37
895.36	1706.25
895.66	1378.58
895.97	1277.93
896.28	1694.55
896.58	1043.88
896.89	1100.05
897.19	1444.11
897.50	1184.31
897.80	1558.80
898.11	1109.41
898.41	1093.03
898.72	1109.41
899.02	1081.33
899.33	1184.31
899.63	1266.23
899.94	1383.26
900.24	1409.00
900.55	1338.79
900.85	1100.05
901.15	1128.14
901.46	1280.27
901.76	1280.27
902.07	1090.69
902.37	1385.60
902.68	1373.89
902.98	1090.69
903.29	1385.60
903.59	1282.61
903.89	1259.21
904.20	1118.78
904.50	1160.91
904.81	1118.78
905.11	1362.19
905.41	1287.29
905.72	1275.59
906.02	1416.02
906.32	1303.68
906.63	1109.41
906.93	1785.83
907.23	1294.32
907.54	1086.01
907.84	1057.92
908.14	1441.77
908.45	1144.52
908.75	1324.74
909.05	1125.80
909.36	1284.95
909.66	1268.57
909.96	1462.83
910.27	1280.27
910.57	1160.91
910.87	1495.60
911.18	1640.72
911.48	1179.63
911.78	1380.92
912.08	1291.98
912.39	1413.68
912.69	1624.33
912.99	1086.01
913.29	1460.49
913.60	1266.23
913.90	1280.27
914.20	1673.48
914.50	1191.33
914.80	1331.76
915.11	1460.49
915.41	1149.20
915.71	1355.17
916.01	1284.95
916.31	1549.43
916.62	1275.59
916.92	1139.84
917.22	1205.38
917.52	1296.66
917.82	1563.48
918.12	1301.34
918.43	1034.52
918.73	1207.72
919.03	1160.91
919.33	1437.09
919.63	1153.88
919.93	1551.78
920.23	1336.45
920.54	1514.33
920.84	1259.21
921.14	1013.45
921.44	1149.20
921.74	1284.95
922.04	1228.78
922.34	1221.76
922.64	1331.76
922.94	1191.33
923.24	1591.56
923.54	1682.85
923.84	1411.34
924.14	1266.23
924.45	1104.73
924.75	1511.99
925.05	1242.82
925.35	1423.05
925.65	1638.38
925.95	1465.18
926.25	1067.28
926.55	1027.50
926.85	1135.16
927.15	1158.57
927.45	1174.95
927.75	1196.01
928.05	1144.52
928.35	1205.38
928.65	1076.65
928.95	1139.84
929.25	3829.12
929.54	1750.72
929.84	1764.76
930.14	1165.59
930.44	1116.44
930.74	1507.30
931.04	1430.07
931.34	1135.16
931.64	1217.08
931.94	1130.48
932.24	1324.74
932.54	1064.94
932.84	1174.95
933.13	1247.51
933.43	1128.14
933.73	1078.99
934.03	1425.39
934.33	1261.55
934.63	1315.38
934.93	1554.12
935.23	1263.89
935.52	1263.89
935.82	1004.09
936.12	1191.33
936.42	1184.31
936.72	1191.33
937.01	1467.52
937.31	1043.88
937.61	1481.56
937.91	1612.63
938.21	1280.27
938.50	1137.50
938.80	1411.34
939.10	1306.02
939.40	1696.89
939.70	1095.37
939.99	1095.37
940.29	1282.61
940.59	1249.85
940.89	1303.68
941.18	1226.44
941.48	1224.10
941.78	1238.14
942.08	1196.01
942.37	1303.68
942.67	1593.90
942.97	1357.51
943.26	1167.93
943.56	1621.99
943.86	1132.82
944.15	1352.83
944.45	1020.47
944.75	1116.44
945.04	1376.24
945.34	1455.81
945.64	1261.55
945.93	1306.02
946.23	1090.69
946.53	1427.73
946.82	1413.68
947.12	1299.00
947.42	1238.14
947.71	1057.92
948.01	1172.61
948.30	1235.80
948.60	1041.54
948.90	1088.35
949.19	1118.78
949.49	997.07
949.78	1076.65
950.08	1200.69
950.38	1188.99
950.67	1259.21
950.97	1224.10
951.26	1329.42
951.56	1226.44
951.85	1287.29
952.15	1472.20
952.44	1048.56
952.74	1268.57
953.03	1011.11
953.33	1537.73
953.63	1362.19
953.92	1397.30
954.22	1167.93
954.51	1341.13
954.81	1259.21
955.10	1078.99
955.39	1303.68
955.69	1275.59
955.98	1621.99
956.28	1378.58
956.57	1102.39
956.87	1125.80
957.16	1870.09
957.46	1179.63
957.75	1284.95
958.05	1289.64
958.34	1493.26
958.63	1526.03
958.93	1348.15
959.22	1160.91
959.52	1390.28
959.81	1181.97
960.10	1399.64
960.40	1128.14
960.69	1001.75
960.98	1142.18
961.28	1551.78
961.57	1366.87
961.87	1041.54
962.16	1186.65
962.45	1439.43
962.75	1420.71
963.04	1540.07
963.33	1561.14
963.63	1942.64
963.92	1373.89
964.21	1352.83
964.51	1071.97
964.80	1109.41
965.09	1053.24
965.38	1406.66
965.68	1259.21
965.97	1188.99
966.26	1186.65
966.56	1453.47
966.85	1626.67
967.14	1476.88
967.43	1242.82
967.73	1025.15
968.02	1123.46
968.31	1158.57
968.60	1605.61
968.89	1320.06
969.19	1254.53
969.48	1203.04
969.77	1434.75
970.06	1631.35
970.36	1280.27
970.65	1193.67
970.94	1235.80
971.23	1582.20
971.52	1352.83
971.81	1364.53
972.11	1191.33
972.40	1188.99
972.69	1380.92
972.98	1291.98
973.27	1069.62
973.56	1200.69
973.85	1100.05
974.15	1390.28
974.44	1336.45
974.73	1111.75
975.02	1252.19
975.31	1135.16
975.60	1062.60
975.89	994.73
976.18	1743.70
976.47	1252.19
976.76	1116.44
977.05	1184.31
977.35	1057.92
977.64	1460.49
977.93	1196.01
978.22	1954.35
978.51	1034.52
978.80	1095.37
979.09	1050.90
979.38	990.05
979.67	1247.51
979.96	1270.91
980.25	1467.52
980.54	2134.57
980.83	1750.72
981.12	1385.60
981.41	1362.19
981.70	1355.17
981.99	1526.03
982.28	1135.16
982.57	1062.60
982.86	1224.10
983.15	985.37
983.44	985.37
983.72	985.37
>>>>>End Processed Spectral Data<<<<<
