289.52	423.64
289.90	423.64
290.28	423.64
290.66	348.74
291.04	887.06
291.42	1341.13
291.80	1135.16
292.18	882.38
292.56	826.21
292.95	851.96
293.33	938.55
293.71	884.72
294.09	1249.85
294.47	1125.80
294.85	1022.81
295.23	964.30
295.61	1062.60
295.99	1046.22
296.37	1114.10
296.75	912.81
297.13	2043.29
297.51	994.73
297.90	1547.09
298.28	1270.91
298.66	1184.31
299.04	1039.20
299.42	1437.09
299.80	1397.30
300.18	1425.39
300.56	1186.65
300.94	1095.37
301.32	1685.19
301.70	1310.70
302.08	1214.74
302.46	2078.40
302.84	1231.12
303.22	1181.97
303.60	1881.79
303.98	2015.20
304.36	1551.78
304.74	1369.21
305.12	1488.58
305.50	1249.85
305.88	1891.15
306.26	1186.65
306.64	1308.36
307.02	1444.11
307.40	1167.93
307.78	1219.42
308.16	1301.34
308.54	1200.69
308.92	1245.16
309.30	1200.69
309.68	1362.19
310.06	1673.48
310.43	1160.91
310.81	1734.34
311.19	1252.19
311.57	1296.66
311.95	1420.71
312.33	1352.83
312.71	1280.27
313.09	1591.56
313.47	1146.86
313.85	1170.27
314.23	1224.10
314.61	1331.76
314.99	1390.28
315.36	1432.41
315.74	1294.32
316.12	1383.26
316.50	1378.58
316.88	1212.40
317.26	1235.80
317.64	1362.19
318.02	1142.18
318.39	1329.42
318.77	1200.69
319.15	1233.46
319.53	1371.55
319.91	1863.07
320.29	1902.86
320.67	1409.00
321.04	1060.26
321.42	1160.91
321.80	1116.44
322.18	1308.36
322.56	1064.94
322.94	1804.55
323.31	2464.58
323.69	1439.43
324.07	1565.82
324.45	1240.48
324.83	1212.40
325.21	1055.58
325.58	1284.95
325.96	1231.12
326.34	1465.18
326.72	1465.18
327.10	1769.44
327.47	1210.06
327.85	1076.65
328.23	1020.47
328.61	1462.83
328.98	1558.80
329.36	1139.84
329.74	1097.71
330.12	1022.81
330.50	1221.76
330.87	1165.59
331.25	1373.89
331.63	1268.57
332.01	1371.55
332.38	1235.80
332.76	1685.19
333.14	1214.74
333.51	1128.14
333.89	1647.74
334.27	1198.35
334.65	1109.41
335.02	1114.10
335.40	1282.61
335.78	1146.86
336.15	1418.36
336.53	1100.05
336.91	3363.35
337.29	1579.86
337.66	2169.68
338.04	1139.84
338.42	1359.85
338.79	1221.76
339.17	1423.05
339.55	1270.91
339.92	1306.02
340.30	1219.42
340.68	1397.30
341.05	1607.95
341.43	1217.08
341.81	1320.06
342.18	1242.82
342.56	1303.68
342.94	1905.20
343.31	1088.35
343.69	1577.52
344.07	1149.20
344.44	1053.24
344.82	1263.89
345.19	1167.93
345.57	1240.48
345.95	1418.36
346.32	1446.45
346.70	1184.31
347.07	1221.76
347.45	1540.07
347.83	1301.34
348.20	1774.13
348.58	1146.86
348.95	1341.13
349.33	1200.69
349.71	1163.25
350.08	1341.13
350.46	1561.14
350.83	1270.91
351.21	1394.96
351.58	2031.58
351.96	1933.28
352.34	1750.72
352.71	1338.79
353.09	1364.53
353.46	1488.58
353.84	1671.14
354.21	1607.95
354.59	1273.25
354.96	1474.54
355.34	1095.37
355.71	1144.52
356.09	1563.48
356.46	1352.83
356.84	1593.90
357.21	1448.79
357.59	1121.12
357.96	1462.83
358.34	1146.86
358.71	1657.10
359.09	1177.29
359.46	1509.65
359.84	1118.78
360.21	1071.97
360.59	1406.66
360.96	1263.89
361.34	1088.35
361.71	1614.97
362.09	1240.48
362.46	1200.69
362.84	1226.44
363.21	1589.22
363.59	1310.70
363.96	1102.39
364.33	1430.07
364.71	1511.99
365.08	1844.34
365.46	1240.48
365.83	1137.50
366.21	1462.83
366.58	1507.30
366.95	1256.87
367.33	1263.89
367.70	1212.40
368.08	1221.76
368.45	1329.42
368.82	1453.47
369.20	1287.29
369.57	1273.25
369.95	1219.42
370.32	1111.75
370.69	1535.39
371.07	1226.44
371.44	1301.34
371.81	1184.31
372.19	1308.36
372.56	1149.20
372.94	1142.18
373.31	1188.99
373.68	1371.55
374.06	1224.10
374.43	1142.18
374.80	1549.43
375.18	1390.28
375.55	1299.00
375.92	1090.69
376.30	1303.68
376.67	1139.84
377.04	1245.16
377.42	1245.16
377.79	1799.87
378.16	1156.22
378.54	1191.33
378.91	1146.86
379.28	1369.21
379.65	1196.01
380.03	1217.08
380.40	1214.74
380.77	1551.78
381.15	1650.08
381.52	1170.27
381.89	1135.16
382.26	1240.48
382.64	1507.30
383.01	1214.74
383.38	1198.35
383.75	6548.82
384.13	1755.40
384.50	1270.91
384.87	1104.73
385.24	1331.76
385.62	1256.87
385.99	1870.09
386.36	1114.10
386.73	2345.22
387.10	1872.43
387.48	1212.40
387.85	1205.38
388.22	1221.76
388.59	1584.54
388.97	1294.32
389.34	1345.81
389.71	1174.95
390.08	1296.66
390.45	1039.20
390.82	1144.52
391.20	1069.62
391.57	1345.81
391.94	1186.65
392.31	1626.67
392.68	1235.80
393.06	1308.36
393.43	1158.57
393.80	1210.06
394.17	1980.09
394.54	1268.57
394.91	1369.21
395.28	1713.27
395.66	1156.22
396.03	1277.93
396.40	1226.44
396.77	1203.04
397.14	1095.37
397.51	1296.66
397.88	1703.91
398.25	1317.72
398.62	1252.19
399.00	1116.44
399.37	1172.61
399.74	1416.02
400.11	1146.86
400.48	1153.88
400.85	1153.88
401.22	1338.79
401.59	1217.08
401.96	1301.34
402.33	1086.01
402.70	1327.08
403.07	1542.41
403.45	1654.76
403.82	1207.72
404.19	1114.10
404.56	1329.42
404.93	1228.78
405.30	1296.66
405.67	1556.46
406.04	1572.84
406.41	1640.72
406.78	1170.27
407.15	1596.25
407.52	1331.76
407.89	1217.08
408.26	1348.15
408.63	1123.46
409.00	1317.72
409.37	1266.23
409.74	1280.27
410.11	1226.44
410.48	1476.88
410.85	1254.53
411.22	1245.16
411.59	1174.95
411.96	1334.11
412.33	1149.20
412.70	1460.49
413.07	1984.77
413.44	1291.98
413.81	1507.30
414.18	1069.62
414.55	1018.13
414.91	1184.31
415.28	1277.93
415.65	2165.00
416.02	1198.35
416.39	1364.53
416.76	1121.12
417.13	1163.25
417.50	1416.02
417.87	1460.49
418.24	1355.17
418.61	1582.20
418.98	1184.31
419.35	1324.74
419.71	1329.42
420.08	1453.47
420.45	1299.00
420.82	1458.15
421.19	1310.70
421.56	1196.01
421.93	1132.82
422.30	1294.32
422.66	1280.27
423.03	1331.76
423.40	2071.37
423.77	1703.91
424.14	1624.33
424.51	1392.62
424.88	1617.31
425.24	1441.77
425.61	1186.65
425.98	1409.00
426.35	1179.63
426.72	1004.09
427.08	1514.33
427.45	1282.61
427.82	1591.56
428.19	1238.14
428.56	1217.08
428.93	1214.74
429.29	1301.34
429.66	1483.90
430.03	1121.12
430.40	1336.45
430.76	1614.97
431.13	1343.47
431.50	1228.78
431.87	1160.91
432.24	1095.37
432.60	1315.38
432.97	1624.33
433.34	1387.94
433.71	1128.14
434.07	1114.10
434.44	1196.01
434.81	1373.89
435.18	1174.95
435.54	1486.24
435.91	1252.19
436.28	1111.75
436.64	1626.67
437.01	1598.59
437.38	2186.06
437.75	1406.66
438.11	1275.59
438.48	1228.78
438.85	1458.15
439.21	1156.22
439.58	1249.85
439.95	1167.93
440.31	1245.16
440.68	1280.27
441.05	2062.01
441.41	1757.74
441.78	1254.53
442.15	1575.18
442.51	1654.76
442.88	1813.92
443.25	1514.33
443.61	1376.24
443.98	1467.52
444.35	1547.09
444.71	1467.52
445.08	60790.73
445.45	2794.60
445.81	1301.34
446.18	1167.93
446.54	1926.26
446.91	1465.18
447.28	1238.14
447.64	1252.19
448.01	1472.20
448.37	1212.40
448.74	1287.29
449.11	1280.27
449.47	1614.97
449.84	1458.15
450.20	2019.88
450.57	1783.49
450.94	1310.70
451.30	1575.18
451.67	1813.92
452.03	1479.22
452.40	1366.87
452.76	1668.80
453.13	1416.02
453.49	1497.94
453.86	1420.71
454.23	1554.12
454.59	1266.23
454.96	1554.12
455.32	1472.20
455.69	1547.09
456.05	1476.88
456.42	2097.12
456.78	1474.54
457.15	1619.65
457.51	1376.24
457.88	2069.03
458.24	1678.16
458.61	1710.93
458.97	1607.95
459.34	1736.68
459.70	1626.67
460.07	2242.23
460.43	2104.14
460.80	1685.19
461.16	1919.24
461.52	1668.80
461.89	1652.42
462.25	2270.32
462.62	1989.46
462.98	1844.34
463.35	2059.67
463.71	2183.72
464.08	1837.32
464.44	1703.91
464.80	1879.45
465.17	1879.45
465.53	1977.75
465.90	2415.43
466.26	2076.06
466.62	2036.27
466.99	2085.42
467.35	1956.69
467.72	2333.51
468.08	2165.00
468.44	2111.16
468.81	2275.00
469.17	3084.83
469.54	2335.85
469.90	2696.30
470.26	2576.93
470.63	2370.96
470.99	2642.46
471.35	2885.88
471.72	2565.23
472.08	3779.97
472.44	2731.41
472.81	2731.41
473.17	2623.74
473.53	3080.14
473.90	6965.43
474.26	3314.20
474.62	3581.02
474.99	3157.38
475.35	3173.77
475.71	3080.14
476.08	3377.39
476.44	3625.49
476.80	3845.50
477.17	3485.06
477.53	3737.84
477.89	3538.89
478.25	4163.81
478.62	3625.49
478.98	3777.62
479.34	3805.71
479.70	3981.25
480.07	4386.16
480.43	4205.94
480.79	4540.64
481.15	4545.32
481.52	4519.57
481.88	4379.14
482.24	4383.82
482.60	4402.55
482.97	4947.89
483.33	4828.53
483.69	5207.69
484.05	4987.68
484.42	4784.06
484.78	5348.12
485.14	5802.19
485.50	5722.61
485.86	5528.35
486.23	5605.58
486.59	5713.25
486.95	6104.12
487.31	5694.52
487.67	5774.10
488.03	6647.12
488.40	6029.22
488.76	6267.95
489.12	6064.33
489.48	7145.66
489.84	6445.84
490.20	6373.28
490.57	6794.58
490.93	6644.78
491.29	6724.36
491.65	6782.87
492.01	6956.07
492.37	7438.22
492.73	6864.79
493.09	7220.55
493.46	7054.37
493.82	7052.03
494.18	7258.00
494.54	7620.78
494.90	7808.03
495.26	7473.33
495.62	7426.52
495.98	7714.41
496.34	7740.15
496.70	8624.87
497.07	7974.21
497.43	8011.65
497.79	8299.54
498.15	8159.11
498.51	8184.85
498.87	8067.83
499.23	8409.54
499.59	8318.26
499.95	8512.53
500.31	8334.65
500.67	8746.58
501.03	8559.34
501.39	8603.81
501.75	8706.79
502.11	8734.88
502.47	8807.44
502.83	8489.12
503.19	8830.84
503.55	8732.54
503.91	8919.78
504.27	8929.14
504.63	9172.56
504.99	9525.98
505.35	9706.20
505.71	9125.75
506.07	9554.07
506.43	9371.50
506.79	9207.67
507.15	9256.82
507.51	9877.06
507.87	10396.66
508.23	9699.18
508.59	9497.89
508.95	9734.29
509.31	9415.98
509.67	9680.46
510.03	9549.39
510.38	9650.03
510.74	9486.19
511.10	9968.34
511.46	9839.61
511.82	10408.36
512.18	10026.86
512.54	10015.15
512.90	10190.69
513.26	9982.38
513.62	9923.87
513.97	9846.63
514.33	10509.01
514.69	9893.44
515.05	9928.55
515.41	10616.67
515.77	11077.76
516.13	10464.54
516.49	10078.35
516.84	10195.37
517.20	10494.96
517.56	10155.58
517.92	10246.87
518.28	10590.92
518.64	10204.74
518.99	10164.95
519.35	10668.16
519.71	10307.72
520.07	10523.05
520.43	10368.57
520.79	11096.48
521.14	10588.58
521.50	10445.81
521.86	10579.22
522.22	10176.65
522.58	10223.46
522.93	10504.32
523.29	10509.01
523.65	11009.88
524.01	10450.49
524.36	10225.80
524.72	10415.38
525.08	10097.07
525.44	10874.13
525.79	10420.06
526.15	10738.38
526.51	10436.45
526.87	10448.15
527.22	10326.44
527.58	10380.28
527.94	10399.00
528.30	10670.50
528.65	10614.33
529.01	9891.10
529.37	10190.69
529.72	10361.55
530.08	10710.29
530.44	10476.24
530.80	10024.51
531.15	9912.17
531.51	10235.16
531.87	10410.70
532.22	9980.04
532.58	9980.04
532.94	9879.40
533.29	11295.43
533.65	10787.53
534.01	10115.80
534.36	10707.95
534.72	9802.16
535.08	10277.29
535.43	10080.69
535.79	10003.45
536.14	9774.08
536.50	10494.96
536.86	9713.22
537.21	9872.38
537.57	9640.67
537.93	9591.52
538.28	9460.45
538.64	9509.60
538.99	9877.06
539.35	9589.17
539.71	10888.17
540.06	9675.77
540.42	9781.10
540.77	9320.01
541.13	10736.04
541.48	9387.89
541.84	9472.15
542.20	9228.73
542.55	9256.82
542.91	9252.14
543.26	9668.75
543.62	9455.76
543.97	9423.00
544.33	9610.24
544.68	9081.28
545.04	9170.22
545.40	9064.89
545.75	9343.42
546.11	9240.44
546.46	9083.62
546.82	9095.32
547.17	9125.75
547.53	9240.44
547.88	9298.95
548.24	8980.64
548.59	8812.12
548.95	9090.64
549.30	9064.89
549.66	8973.61
550.01	8634.24
550.36	8706.79
550.72	9008.72
551.07	8767.65
551.43	8507.85
551.78	8540.61
552.14	8814.46
552.49	8294.86
552.85	8765.31
553.20	8390.82
553.55	8477.42
553.91	9179.58
554.26	8636.58
554.62	8812.12
554.97	8613.17
555.33	8114.64
555.68	8730.20
556.03	7936.76
556.39	8170.81
556.74	8585.08
557.10	8084.21
557.45	7955.48
557.80	7939.10
558.16	8058.46
558.51	8479.76
558.86	8510.19
559.22	7978.89
559.57	7808.03
559.93	7768.24
560.28	8224.64
560.63	7887.61
560.99	7648.87
561.34	8184.85
561.69	7901.65
562.05	7297.79
562.40	7581.00
562.75	7258.00
563.11	7190.13
563.46	7431.20
563.81	7351.62
564.16	7066.08
564.52	7318.86
564.87	7145.66
565.22	7250.98
565.58	7140.97
565.93	7353.96
566.28	7236.94
566.64	6958.41
566.99	7494.40
567.34	6825.00
567.69	7096.50
568.05	6782.87
568.40	6869.47
568.75	6677.55
569.10	6745.42
569.46	6553.50
569.81	6574.56
570.16	6726.70
570.51	6651.80
570.87	6466.90
571.22	6375.62
571.57	6497.33
571.92	6579.25
572.27	7405.46
572.63	6244.55
572.98	6499.67
573.33	6153.27
573.68	6263.27
574.03	6003.47
574.39	5947.30
574.74	6101.78
575.09	5987.09
575.44	5959.00
575.79	6853.09
576.14	6235.19
576.50	5818.57
576.85	5872.40
577.20	7035.65
577.55	5680.48
577.90	5881.77
578.25	5645.37
578.60	5474.51
578.96	5881.77
579.31	5504.94
579.66	5336.42
580.01	6132.20
580.36	5652.39
580.71	5856.02
581.06	5219.39
581.41	5600.90
581.76	5495.58
582.12	5430.04
582.47	5668.78
582.82	5579.84
583.17	5621.97
583.52	5034.49
583.87	5343.44
584.22	5341.10
584.57	5296.63
584.92	5172.58
585.27	5167.90
585.62	4802.78
585.97	4812.14
586.32	5008.75
586.67	5036.83
587.02	4545.32
587.37	4697.46
587.72	4496.17
588.07	8842.54
588.42	4774.69
588.77	4650.64
589.12	5006.41
589.47	5628.99
589.82	4306.59
590.17	4437.66
590.52	4493.83
590.87	4552.34
591.22	4329.99
591.57	4484.47
591.92	4564.04
592.27	4109.98
592.62	4308.93
592.97	4238.71
593.32	4283.18
593.67	4067.85
594.02	4149.77
594.37	4081.89
594.72	4208.28
595.07	4056.15
595.42	3920.40
595.77	4304.25
596.12	4212.96
596.47	4346.37
596.82	3887.63
597.16	4180.20
597.51	4156.79
597.86	4046.79
598.21	4152.11
598.56	3868.91
598.91	4177.86
599.26	3918.06
599.61	3964.87
599.96	3676.98
600.30	3786.99
600.65	3765.92
601.00	3955.51
601.35	3817.41
601.70	3716.77
602.05	3700.39
602.40	3499.10
602.74	3499.10
603.09	3637.19
603.44	3536.55
603.79	3644.21
604.14	4212.96
604.48	3779.97
604.83	3758.90
605.18	3742.52
605.53	3346.97
605.88	3337.60
606.23	3351.65
606.57	3681.66
606.92	3684.00
607.27	3251.00
607.62	3187.81
607.96	3325.90
608.31	3335.26
608.66	3293.13
609.01	3040.36
609.35	3119.93
609.70	3302.50
610.05	3463.99
610.40	3679.32
610.74	3288.45
611.09	3372.71
611.44	3356.33
611.79	2963.12
612.13	3070.78
612.48	2972.48
612.83	2979.50
613.18	2960.78
613.52	3300.16
613.87	2923.33
614.22	2808.64
614.56	2993.55
614.91	2932.69
615.26	2789.92
615.60	2785.24
615.95	2834.39
616.30	3435.91
616.64	2876.52
616.99	2815.66
617.34	2834.39
617.68	2640.12
618.03	2743.11
618.38	2787.58
618.72	2724.38
619.07	2939.71
619.42	2724.38
619.76	2909.29
620.11	3054.40
620.45	2717.36
620.80	2965.46
621.15	2705.66
621.49	2628.42
621.84	2651.83
622.18	2296.07
622.53	2771.19
622.88	2932.69
623.22	2338.20
623.57	2736.09
623.91	2502.03
624.26	2373.30
624.60	2520.76
624.95	2506.71
625.30	2782.90
625.64	2738.43
625.99	2380.32
626.33	2656.51
626.68	2373.30
627.02	2619.06
627.37	2612.04
627.71	2305.43
628.06	2272.66
628.40	2385.01
628.75	2321.81
629.09	2368.62
629.44	2438.84
629.78	2612.04
630.13	2431.82
630.47	2216.49
630.82	2218.83
631.16	2127.55
631.51	2181.38
631.85	2399.05
632.20	2125.21
632.54	2576.93
632.89	2118.18
633.23	2913.97
633.58	2565.23
633.92	2143.93
634.27	2076.06
634.61	2724.38
634.95	2469.27
635.30	2090.10
635.64	1898.17
635.99	2237.55
636.33	1975.41
636.67	2169.68
637.02	2113.50
637.36	2167.34
637.71	1900.52
638.05	2008.18
638.39	2251.60
638.74	1982.43
639.08	2083.08
639.43	1888.81
639.77	1844.34
640.11	2036.27
640.46	2019.88
640.80	2106.48
641.14	1942.64
641.49	2066.69
641.83	1926.26
642.17	1825.62
642.52	1919.24
642.86	1879.45
643.20	2024.56
643.55	1750.72
643.89	1921.58
644.23	1776.47
644.58	2333.51
644.92	1774.13
645.26	2106.48
645.61	1813.92
645.95	1767.10
646.29	1788.17
646.64	1921.58
646.98	2303.09
647.32	2099.46
647.66	1785.83
648.01	2090.10
648.35	1739.02
648.69	2010.52
649.03	1626.67
649.38	1818.60
649.72	1942.64
650.06	1692.21
650.40	1717.95
650.75	1650.08
651.09	1701.57
651.43	1708.59
651.77	1832.64
652.11	1530.71
652.46	1755.40
652.80	1591.56
653.14	2319.47
653.48	1633.69
653.82	1636.03
654.17	1476.88
654.51	1741.36
654.85	1753.06
655.19	1996.48
655.53	1687.53
655.87	2031.58
656.22	1778.81
656.56	1453.47
656.90	1605.61
657.24	1949.67
657.58	1956.69
657.92	1781.15
658.26	2050.31
658.61	1975.41
658.95	1727.32
659.29	1858.39
659.63	1446.45
659.97	1507.30
660.31	1603.27
660.65	2040.95
660.99	1699.23
661.33	2834.39
661.68	2230.53
662.02	1928.60
662.36	1689.87
662.70	2427.14
663.04	1884.13
663.38	1486.24
663.72	1643.06
664.06	1750.72
664.40	1462.83
664.74	2057.33
665.08	1696.89
665.42	1458.15
665.76	1411.34
666.10	1387.94
666.44	1371.55
666.78	1420.71
667.12	1479.22
667.46	1638.38
667.80	1420.71
668.14	2696.30
668.48	1806.89
668.82	1802.21
669.16	1858.39
669.50	2193.08
669.84	1846.68
670.18	1526.03
670.52	1519.01
670.86	1327.08
671.20	1732.00
671.54	1411.34
671.88	1409.00
672.22	1607.95
672.56	1657.10
672.90	1495.60
673.24	1303.68
673.58	1607.95
673.92	2607.36
674.26	1799.87
674.59	1659.44
674.93	1547.09
675.27	1563.48
675.61	1404.32
675.95	1593.90
676.29	1804.55
676.63	1465.18
676.97	1331.76
677.31	1612.63
677.64	1516.67
677.98	1345.81
678.32	1348.15
678.66	1338.79
679.00	1600.93
679.34	1523.69
679.68	1233.46
680.01	1198.35
680.35	1420.71
680.69	1366.87
681.03	1427.73
681.37	1596.25
681.71	1275.59
682.04	1863.07
682.38	2047.97
682.72	1432.41
683.06	2120.53
683.40	1451.13
683.73	1263.89
684.07	1493.26
684.41	1280.27
684.75	1476.88
685.09	1413.68
685.42	1504.96
685.76	3363.35
686.10	1434.75
686.44	1486.24
686.77	1362.19
687.11	1425.39
687.45	1181.97
687.79	1413.68
688.12	1383.26
688.46	1682.85
688.80	1261.55
689.13	1490.92
689.47	1376.24
689.81	1299.00
690.15	1390.28
690.48	1383.26
690.82	2237.55
691.16	1373.89
691.49	1343.47
691.83	1224.10
692.17	1186.65
692.50	1327.08
692.84	1521.35
693.18	1722.63
693.51	1839.66
693.85	1261.55
694.19	1420.71
694.52	1554.12
694.86	1762.42
695.20	1401.98
695.53	1376.24
695.87	1483.90
696.21	1858.39
696.54	1205.38
696.88	1352.83
697.21	1116.44
697.55	1767.10
697.89	1486.24
698.22	1397.30
698.56	1158.57
698.89	1387.94
699.23	1153.88
699.56	1289.64
699.90	1589.22
700.24	1219.42
700.57	1797.53
700.91	1528.37
701.24	1296.66
701.58	1397.30
701.91	1572.84
702.25	1392.62
702.58	1310.70
702.92	1409.00
703.26	1476.88
703.59	1776.47
703.93	1570.50
704.26	1390.28
704.60	1336.45
704.93	2183.72
705.27	1401.98
705.60	1109.41
705.94	1383.26
706.27	2085.42
706.61	1650.08
706.94	1359.85
707.27	1989.46
707.61	1221.76
707.94	1350.49
708.28	1273.25
708.61	1523.69
708.95	1095.37
709.28	1299.00
709.62	1327.08
709.95	1102.39
710.28	1647.74
710.62	1441.77
710.95	1624.33
711.29	1404.32
711.62	1186.65
711.96	1425.39
712.29	1479.22
712.62	1598.59
712.96	1654.76
713.29	1458.15
713.62	1343.47
713.96	1261.55
714.29	1399.64
714.63	1055.58
714.96	1163.25
715.29	1650.08
715.63	1249.85
715.96	1238.14
716.29	1530.71
716.63	1556.46
716.96	1144.52
717.29	1149.20
717.63	1401.98
717.96	1589.22
718.29	1256.87
718.63	1467.52
718.96	1345.81
719.29	1418.36
719.63	1338.79
719.96	1322.40
720.29	1327.08
720.62	1144.52
720.96	1409.00
721.29	2188.40
721.62	1268.57
721.95	1331.76
722.29	1483.90
722.62	1196.01
722.95	1493.26
723.29	1462.83
723.62	1809.23
723.95	1350.49
724.28	1926.26
724.61	1170.27
724.95	1394.96
725.28	1186.65
725.61	1191.33
725.94	1196.01
726.28	1425.39
726.61	1097.71
726.94	1706.25
727.27	1268.57
727.60	1165.59
727.93	2127.55
728.27	1406.66
728.60	1263.89
728.93	1472.20
729.26	1104.73
729.59	1039.20
729.92	1214.74
730.26	1116.44
730.59	1362.19
730.92	1149.20
731.25	1275.59
731.58	1170.27
731.91	1081.33
732.24	1519.01
732.57	1659.44
732.91	1806.89
733.24	1263.89
733.57	1025.15
733.90	1455.81
734.23	1158.57
734.56	1188.99
734.89	1378.58
735.22	1306.02
735.55	1221.76
735.88	1247.51
736.21	1196.01
736.54	1151.54
736.88	1158.57
737.21	1306.02
737.54	1198.35
737.87	1263.89
738.20	1268.57
738.53	1631.35
738.86	1280.27
739.19	1114.10
739.52	1439.43
739.85	1219.42
740.18	1790.51
740.51	1834.98
740.84	1643.06
741.17	1100.05
741.50	992.39
741.83	1212.40
742.16	1406.66
742.49	1636.03
742.82	1212.40
743.15	2581.61
743.48	1203.04
743.81	1036.86
744.13	1313.04
744.46	1100.05
744.79	1268.57
745.12	1273.25
745.45	1071.97
745.78	1137.50
746.11	1299.00
746.44	1104.73
746.77	1163.25
747.10	1205.38
747.43	1242.82
747.76	1284.95
748.08	1235.80
748.41	1357.51
748.74	1369.21
749.07	1535.39
749.40	1324.74
749.73	1589.22
750.06	1352.83
750.39	1179.63
750.71	1394.96
751.04	1430.07
751.37	1235.80
751.70	1299.00
752.03	1834.98
752.36	1919.24
752.68	1565.82
753.01	1198.35
753.34	1584.54
753.67	1146.86
754.00	1170.27
754.32	1380.92
754.65	1390.28
754.98	1228.78
755.31	1008.77
755.64	1123.46
755.96	1703.91
756.29	1390.28
756.62	1643.06
756.95	1605.61
757.27	1198.35
757.60	1090.69
757.93	1137.50
758.26	1226.44
758.58	1025.15
758.91	1586.88
759.24	1778.81
759.57	1736.68
759.89	1240.48
760.22	1277.93
760.55	1678.16
760.87	1263.89
761.20	1519.01
761.53	1149.20
761.86	1376.24
762.18	1621.99
762.51	1212.40
762.84	1540.07
763.16	1221.76
763.49	1565.82
763.82	1282.61
764.14	1301.34
764.47	1439.43
764.79	1186.65
765.12	1310.70
765.45	1139.84
765.77	1238.14
766.10	1055.58
766.43	1629.01
766.75	1348.15
767.08	1235.80
767.40	1624.33
767.73	1420.71
768.06	1132.82
768.38	1245.16
768.71	1343.47
769.03	2005.84
769.36	1151.54
769.69	1093.03
770.01	1181.97
770.34	1104.73
770.66	1575.18
770.99	1790.51
771.31	1170.27
771.64	1338.79
771.96	1078.99
772.29	1144.52
772.62	1497.94
772.94	1018.13
773.27	1469.86
773.59	1093.03
773.92	1341.13
774.24	1027.50
774.57	1104.73
774.89	1666.46
775.22	1783.49
775.54	1652.42
775.87	1406.66
776.19	1191.33
776.51	1448.79
776.84	1041.54
777.16	1093.03
777.49	1153.88
777.81	1210.06
778.14	1095.37
778.46	1060.26
778.79	1217.08
779.11	1322.40
779.43	1153.88
779.76	1151.54
780.08	1116.44
780.41	978.34
780.73	990.05
781.06	1242.82
781.38	1158.57
781.70	1334.11
782.03	1678.16
782.35	1188.99
782.67	1156.22
783.00	1280.27
783.32	1799.87
783.65	1095.37
783.97	1357.51
784.29	2001.16
784.62	1713.27
784.94	1275.59
785.26	1188.99
785.59	1205.38
785.91	1423.05
786.23	1041.54
786.56	1359.85
786.88	1170.27
787.20	1062.60
787.53	1336.45
787.85	1881.79
788.17	1509.65
788.49	1816.26
788.82	1207.72
789.14	1212.40
789.46	1123.46
789.79	1322.40
790.11	1174.95
790.43	1235.80
790.75	1055.58
791.08	1519.01
791.40	1125.80
791.72	1006.43
792.04	1418.36
792.37	1291.98
792.69	1369.21
793.01	1214.74
793.33	1338.79
793.65	1521.35
793.98	1170.27
794.30	1050.90
794.62	1439.43
794.94	1348.15
795.26	1490.92
795.59	1137.50
795.91	1511.99
796.23	1598.59
796.55	1100.05
796.87	1469.86
797.19	1509.65
797.52	1219.42
797.84	1245.16
798.16	1280.27
798.48	1212.40
798.80	1341.13
799.12	1146.86
799.44	1212.40
799.76	1004.09
800.09	1116.44
800.41	1551.78
800.73	1387.94
801.05	1188.99
801.37	1144.52
801.69	1785.83
802.01	1678.16
802.33	1320.06
802.65	1181.97
802.97	1142.18
803.29	1509.65
803.61	1268.57
803.94	1067.28
804.26	1699.23
804.58	1465.18
804.90	1816.26
805.22	1210.06
805.54	1409.00
805.86	1245.16
806.18	1235.80
806.50	1792.85
806.82	1219.42
807.14	1315.38
807.46	1439.43
807.78	1233.46
808.10	1238.14
808.42	1364.53
808.74	1097.71
809.06	1217.08
809.38	1149.20
809.70	1088.35
810.02	1093.03
810.34	1879.45
810.66	1102.39
810.97	1458.15
811.29	1153.88
811.61	1172.61
811.93	1123.46
812.25	1420.71
812.57	1303.68
812.89	1053.24
813.21	1160.91
813.53	1207.72
813.85	1095.37
814.17	1460.49
814.48	1369.21
814.80	1137.50
815.12	1373.89
815.44	1301.34
815.76	1495.60
816.08	1172.61
816.40	997.07
816.72	1584.54
817.03	2127.55
817.35	1128.14
817.67	936.21
817.99	1128.14
818.31	1430.07
818.63	1495.60
818.94	1149.20
819.26	1474.54
819.58	1191.33
819.90	1540.07
820.22	1551.78
820.53	1252.19
820.85	1394.96
821.17	1638.38
821.49	1228.78
821.81	1320.06
822.12	1526.03
822.44	1673.48
822.76	1448.79
823.08	1387.94
823.39	1308.36
823.71	1156.22
824.03	1198.35
824.35	1167.93
824.66	1242.82
824.98	1701.57
825.30	1416.02
825.61	1827.96
825.93	1198.35
826.25	1289.64
826.57	1291.98
826.88	1128.14
827.20	1359.85
827.52	1568.16
827.83	1132.82
828.15	1476.88
828.47	1137.50
828.78	1577.52
829.10	1858.39
829.42	1397.30
829.73	1287.29
830.05	1310.70
830.36	1420.71
830.68	1137.50
831.00	1170.27
831.31	1207.72
831.63	1057.92
831.95	1359.85
832.26	1287.29
832.58	1097.71
832.89	1568.16
833.21	1369.21
833.53	1486.24
833.84	1121.12
834.16	1191.33
834.47	1156.22
834.79	1453.47
835.10	1411.34
835.42	1774.13
835.74	1270.91
836.05	1423.05
836.37	1252.19
836.68	1125.80
837.00	1114.10
837.31	1282.61
837.63	1130.48
837.94	1636.03
838.26	1123.46
838.57	1231.12
838.89	1406.66
839.20	1256.87
839.52	1076.65
839.83	1935.62
840.15	1481.56
840.46	1572.84
840.78	1427.73
841.09	1125.80
841.41	1081.33
841.72	2033.93
842.03	1221.76
842.35	1146.86
842.66	1315.38
842.98	1366.87
843.29	1214.74
843.61	1488.58
843.92	1123.46
844.23	1284.95
844.55	1160.91
844.86	1086.01
845.18	978.34
845.49	1212.40
845.80	1930.94
846.12	1261.55
846.43	1170.27
846.75	1116.44
847.06	1266.23
847.37	1528.37
847.69	1582.20
848.00	1259.21
848.31	1071.97
848.63	1158.57
848.94	1425.39
849.25	1500.28
849.57	1200.69
849.88	1664.12
850.19	1252.19
850.51	1504.96
850.82	1313.04
851.13	1537.73
851.45	1186.65
851.76	1570.50
852.07	1104.73
852.38	1397.30
852.70	1055.58
853.01	1626.67
853.32	1041.54
853.63	1465.18
853.95	1095.37
854.26	1252.19
854.57	1231.12
854.88	1151.54
855.20	1296.66
855.51	1483.90
855.82	1446.45
856.13	1392.62
856.45	1001.75
856.76	1191.33
857.07	1589.22
857.38	1165.59
857.69	1252.19
858.01	1294.32
858.32	2115.84
858.63	1352.83
858.94	1617.31
859.25	1240.48
859.56	1535.39
859.88	1270.91
860.19	1411.34
860.50	1181.97
860.81	1036.86
861.12	1366.87
861.43	1483.90
861.74	1444.11
862.06	1357.51
862.37	1600.93
862.68	1174.95
862.99	1266.23
863.30	1320.06
863.61	1687.53
863.92	1479.22
864.23	1132.82
864.54	1303.68
864.85	1226.44
865.16	1060.26
865.48	1694.55
865.79	1650.08
866.10	1345.81
866.41	1511.99
866.72	1294.32
867.03	1088.35
867.34	1462.83
867.65	1591.56
867.96	1378.58
868.27	1434.75
868.58	1086.01
868.89	1167.93
869.20	1060.26
869.51	1188.99
869.82	1357.51
870.13	1090.69
870.44	1341.13
870.75	1184.31
871.06	1380.92
871.37	1198.35
871.68	1259.21
871.99	1516.67
872.30	1128.14
872.61	1254.53
872.91	1254.53
873.22	1193.67
873.53	1647.74
873.84	1198.35
874.15	1547.09
874.46	1366.87
874.77	1256.87
875.08	1266.23
875.39	1355.17
875.70	1383.26
876.01	1158.57
876.31	1509.65
876.62	2054.99
876.93	1722.63
877.24	1217.08
877.55	1146.86
877.86	1266.23
878.17	1383.26
878.48	1163.25
878.78	1039.20
879.09	1067.28
879.40	1320.06
879.71	1785.83
880.02	1121.12
880.32	1261.55
880.63	1266.23
880.94	1132.82
881.25	1462.83
881.56	1479.22
881.86	1362.19
882.17	1193.67
882.48	1100.05
882.79	1610.29
883.10	1699.23
883.40	1130.48
883.71	1170.27
884.02	1210.06
884.33	1303.68
884.63	1771.79
884.94	1277.93
885.25	1132.82
885.55	1308.36
885.86	1144.52
886.17	1078.99
886.48	1165.59
886.78	1582.20
887.09	1549.43
887.40	1114.10
887.70	1186.65
888.01	1107.07
888.32	1289.64
888.62	1235.80
888.93	1210.06
889.24	1481.56
889.54	1245.16
889.85	1434.75
890.16	1217.08
890.46	2375.64
890.77	1416.02
891.08	1149.20
891.38	1764.76
891.69	1329.42
892.00	1448.79
892.30	1179.63
892.61	1074.31
892.91	1364.53
893.22	1355.17
893.52	1233.46
893.83	1174.95
894.14	1149.20
894.44	1076.65
894.75	1088.35
895.05	1074.31
895.36	1650.08
895.66	1313.04
895.97	1247.51
896.28	1612.63
896.58	1076.65
896.89	1041.54
897.19	1481.56
897.50	1242.82
897.80	1603.27
898.11	1090.69
898.41	1139.84
898.72	1132.82
899.02	1050.90
899.33	1177.29
899.63	1198.35
899.94	1437.09
900.24	1399.64
900.55	1313.04
900.85	1174.95
901.15	1153.88
901.46	1254.53
901.76	1294.32
902.07	1006.43
902.37	1401.98
902.68	1310.70
902.98	1301.34
903.29	1338.79
903.59	1256.87
903.89	1210.06
904.20	1217.08
904.50	1128.14
904.81	1100.05
905.11	1430.07
905.41	1224.10
905.72	1254.53
906.02	1397.30
906.32	1245.16
906.63	1217.08
906.93	1722.63
907.23	1252.19
907.54	1081.33
907.84	1088.35
908.14	1490.92
908.45	1263.89
908.75	1299.00
909.05	1172.61
909.36	1338.79
909.66	1240.48
909.96	1476.88
910.27	1261.55
910.57	1086.01
910.87	1598.59
911.18	1710.93
911.48	1184.31
911.78	1263.89
912.08	1249.85
912.39	1385.60
912.69	1575.18
912.99	1107.07
913.29	1460.49
913.60	1217.08
913.90	1233.46
914.20	1701.57
914.50	1132.82
914.80	1359.85
915.11	1399.64
915.41	1184.31
915.71	1432.41
916.01	1238.14
916.31	1603.27
916.62	1371.55
916.92	1163.25
917.22	1188.99
917.52	1294.32
917.82	1521.35
918.12	1327.08
918.43	1109.41
918.73	1240.48
919.03	1160.91
919.33	1465.18
919.63	1123.46
919.93	1462.83
920.23	1284.95
920.54	1533.05
920.84	1336.45
921.14	1102.39
921.44	1165.59
921.74	1331.76
922.04	1406.66
922.34	1226.44
922.64	1416.02
922.94	1210.06
923.24	1530.71
923.54	1528.37
923.84	1334.11
924.14	1196.01
924.45	1210.06
924.75	1598.59
925.05	1249.85
925.35	1362.19
925.65	1472.20
925.95	1479.22
926.25	1011.11
926.55	1088.35
926.85	1184.31
927.15	1181.97
927.45	1156.22
927.75	1334.11
928.05	1135.16
928.35	1205.38
928.65	1116.44
928.95	1102.39
929.25	3810.39
929.54	1657.10
929.84	1802.21
930.14	1184.31
930.44	1158.57
930.74	1554.12
931.04	1516.67
931.34	1170.27
931.64	1203.04
931.94	1102.39
932.24	1348.15
932.54	1062.60
932.84	1214.74
933.13	1256.87
933.43	1233.46
933.73	1160.91
934.03	1373.89
934.33	1282.61
934.63	1371.55
934.93	1523.69
935.23	1226.44
935.52	1198.35
935.82	1156.22
936.12	1226.44
936.42	1186.65
936.72	1170.27
937.01	1540.07
937.31	1121.12
937.61	1561.14
937.91	1720.29
938.21	1317.72
938.50	1268.57
938.80	1568.16
939.10	1404.32
939.40	1638.38
939.70	1097.71
939.99	1123.46
940.29	1350.49
940.59	1315.38
940.89	1439.43
941.18	1355.17
941.48	1191.33
941.78	1224.10
942.08	1329.42
942.37	1371.55
942.67	1519.01
942.97	1425.39
943.26	1121.12
943.56	1680.50
943.86	1191.33
944.15	1294.32
944.45	1043.88
944.75	1207.72
945.04	1277.93
945.34	1535.39
945.64	1259.21
945.93	1371.55
946.23	1153.88
946.53	1521.35
946.82	1519.01
947.12	1322.40
947.42	1184.31
947.71	1100.05
948.01	1188.99
948.30	1348.15
948.60	1104.73
948.90	1116.44
949.19	1128.14
949.49	1050.90
949.78	1088.35
950.08	1280.27
950.38	1165.59
950.67	1212.40
950.97	1259.21
951.26	1313.04
951.56	1132.82
951.85	1301.34
952.15	1446.45
952.44	1207.72
952.74	1348.15
953.03	1004.09
953.33	1582.20
953.63	1420.71
953.92	1453.47
954.22	1156.22
954.51	1362.19
954.81	1277.93
955.10	1123.46
955.39	1231.12
955.69	1380.92
955.98	1600.93
956.28	1425.39
956.57	1177.29
956.87	1116.44
957.16	1790.51
957.46	1181.97
957.75	1256.87
958.05	1387.94
958.34	1493.26
958.63	1540.07
958.93	1221.76
959.22	1186.65
959.52	1352.83
959.81	1181.97
960.10	1423.05
960.40	1165.59
960.69	1043.88
960.98	1132.82
961.28	1549.43
961.57	1493.26
961.87	1083.67
962.16	1214.74
962.45	1439.43
962.75	1390.28
963.04	1427.73
963.33	1593.90
963.63	1968.39
963.92	1420.71
964.21	1394.96
964.51	1137.50
964.80	1160.91
965.09	1076.65
965.38	1366.87
965.68	1263.89
965.97	1210.06
966.26	1254.53
966.56	1420.71
966.85	1582.20
967.14	1519.01
967.43	1226.44
967.73	1064.94
968.02	1240.48
968.31	1247.51
968.60	1530.71
968.89	1266.23
969.19	1252.19
969.48	1167.93
969.77	1423.05
970.06	1722.63
970.36	1306.02
970.65	1146.86
970.94	1191.33
971.23	1521.35
971.52	1416.02
971.81	1376.24
972.11	1228.78
972.40	1238.14
972.69	1341.13
972.98	1263.89
973.27	1074.31
973.56	1196.01
973.85	1123.46
974.15	1446.45
974.44	1256.87
974.73	1116.44
975.02	1207.72
975.31	1123.46
975.60	1196.01
975.89	1032.18
976.18	1710.93
976.47	1188.99
976.76	1158.57
977.05	1210.06
977.35	1032.18
977.64	1432.41
977.93	1245.16
978.22	1998.82
978.51	1036.86
978.80	1114.10
979.09	1064.94
979.38	1109.41
979.67	1317.72
979.96	1301.34
980.25	1528.37
980.54	2062.01
980.83	1671.14
981.12	1373.89
981.41	1317.72
981.70	1430.07
981.99	1488.58
982.28	1144.52
982.57	1179.63
982.86	1277.93
983.15	1064.94
983.44	1064.94
983.72	1064.94
>>>>>End Processed Spectral Data<<<<<
